2172
2651
2923
8908
1750
9330
5327
3577
5134
1157
9614
315
1755
1304
102
1034
8740
5384
1349
8735
8370
1418
1708
6867
8996
8015
6902
5707
7253
4380
5623
482
971
1415
5400
885
1713
4788
3042
3140
8472
3057
3273
9959
8682
6190
9420
6352
1663
2050
378
736
3059
1690
6486
2428
5559
1058
4686
3089
8486
569
1752
2133
2444
1024
8750
465
4978
3251
5949
8972
8557
5740
9816
6953
8952
6116
6258
1188
2559
8604
636
4216
6286
1883
5339
2549
5320
3240
6077
8896
540
922
2126
8076
2741
9518
7670
8360
4210
7065
741
6408
3733
9598
7331
760
671
6034
8417
6494
3996
2143
7331
8352
4251
7750
6434
1990
9425
2088
3293
1905
1438
2951
5168
9532
5312
4744
9576
3906
2983
924
1525
6865
713
5455
9393
541
2854
8784
9408
2071
5838
5731
8392
6479
5138
2931
4275
6056
1849
8332
9571
587
9492
9287
5638
6575
3668
519
8442
1672
1322
1877
1507
7837
735
3943
6138
1311
9269
4022
6312
2726
8014
3935
1075
6094
9115
3418
9080
6130
9400
1434
9178
3111
8390
4916
4009
4285
9689
7699
6503
3153
8467
7627
9607
1830
